# BEST WEIGHTS SO FAR 10/26/2020 08:04:06
_pW = 3.5539764564147864
_kW = 6.895323274523351
_minDW = 0.27005075584777555
_capSW = 2.186515474099885
_eCW = -0.048251489312769236
