# BETTER WEIGHTS SO FAR
_pW = 2.3058500839456038
_kW = 6.355101870216142
_minDW = -0.20805803766397996
_capSW = 1.4845082569509154
_eCW = -0.0963666766480667
