# BEST WEIGHTS SO FAR 10/24/2020 23:56:59
_pW = 2.633447870849211
_kW = 6.797775856529754
_minDW = -0.20805803766397996
_capSW = 1.4845082569509154
_eCW = -0.0963666766480667
