here goes the data
_pW = 2.296430439095401
_kW = 5.206992054614
_minDW = -0.20805803766397996
_capSW = 1.363555349866284
_eCW = -0.0963666766480667
