# BEST WEIGHTS SO FAR 10/24/2020 00:17:27
_pW = 2.26007830551296
_kW = 6.58050414925578
_minDW = -0.20805803766397996
_capSW = 1.4845082569509154
_eCW = -0.0963666766480667
