here goes the data
_pW = 2
_kW = 4.563486995637862
_minDW = -0.20805803766397996
_capSW = 1.363555349866284
_eCW = -0.18493943623434173
